CREATE VIEW
CREATE VIEW
 bookno |        title         
--------+----------------------
   2001 | Databases
   2002 | OperatingSystems
   2007 | ProgrammingLanguages
   2013 | RealAnalysis
(4 rows)

 sid  |   sname   
------+-----------
 1001 | Jean
 1002 | Maria
 1003 | Anna
 1004 | Chin
 1005 | John
 1006 | Ryan
 1007 | Catherine
 1008 | Emma
 1009 | Jan
 1010 | Linda
 1011 | Nick
 1013 | Lisa
 1017 | Ellen
(13 rows)

 bookno 
--------
   2001
   2003
   2012
(3 rows)

 bookno 
--------
   2004
   2005
(2 rows)

 sid  
------
 1001
 1015
 1016
(3 rows)

 bookno 
--------
   2003
   2006
   2008
   2010
(4 rows)

 sid  | sname 
------+-------
 1017 | Ellen
(1 row)

 sid  |   major    
------+------------
 1012 | CS
 1013 | CS
 1013 | Psychology
 1014 | Theater
(4 rows)

 sid  | bookno 
------+--------
 1001 |   2011
 1002 |   2012
 1003 |   2012
 1004 |   2012
 1005 |   2012
 1006 |   2012
 1007 |   2012
 1008 |   2012
 1009 |   2012
 1010 |   2012
 1011 |   2012
 1012 |   2012
 1013 |   2012
 1014 |   2012
 1017 |   2012
 1020 |   2012
(16 rows)

 price 
-------
    50
(1 row)

CREATE VIEW
 sid  
------
 1012
 1013
 1014
 1015
 1016
 1020
(6 rows)

CREATE VIEW
 bookno | bookno 
--------+--------
   2001 |   2003
   2001 |   2008
   2001 |   2009
   2001 |   2010
   2002 |   2003
   2002 |   2008
   2002 |   2009
   2002 |   2010
   2003 |   2001
   2003 |   2002
   2003 |   2007
   2003 |   2008
   2003 |   2009
   2003 |   2010
   2003 |   2011
   2003 |   2012
   2003 |   2013
   2007 |   2003
   2007 |   2009
   2007 |   2010
   2008 |   2001
   2008 |   2002
   2008 |   2003
   2008 |   2009
   2008 |   2010
   2009 |   2001
   2009 |   2002
   2009 |   2003
   2009 |   2007
   2009 |   2008
   2009 |   2010
   2009 |   2011
   2009 |   2012
   2009 |   2013
   2010 |   2001
   2010 |   2002
   2010 |   2003
   2010 |   2007
   2010 |   2008
   2010 |   2009
   2010 |   2011
   2010 |   2012
   2010 |   2013
   2011 |   2003
   2011 |   2009
   2011 |   2010
   2012 |   2003
   2012 |   2009
   2012 |   2010
   2013 |   2003
   2013 |   2009
   2013 |   2010
(52 rows)

 sid  
------
 1020
(1 row)