P1 FIND ALL ARTICULATION POINTS

 s | t 
---+---
 1 | 2
 2 | 1
 1 | 3
 3 | 1
 2 | 3
 3 | 2
 2 | 4
 4 | 2
 2 | 5
 5 | 2
 4 | 5
 5 | 4
(12 rows)

 articulation_point 
--------------------
                  2
(1 row)

P2 NODES ON SAME GENERATION/LEVEL

 pid | cid 
-----+-----
   1 |   2
   1 |   3
   2 |   4
   2 |   5
   3 |   6
   3 |   7
   4 |   8
   4 |   9
(8 rows)

 s1 | s2 
----+----
  2 |  3
  3 |  2
  4 |  5
  4 |  6
  4 |  7
  5 |  4
  5 |  6
  5 |  7
  6 |  4
  6 |  5
  6 |  7
  7 |  4
  7 |  5
  7 |  6
  8 |  9
  9 |  8
(16 rows)

P3 POWERSET OF A

 x 
---
 1
 2
 3
 4
(4 rows)

  subset   
-----------
 {}
 {1}
 {2}
 {1,2}
 {3}
 {1,3}
 {2,3}
 {1,2,3}
 {4}
 {1,4}
 {2,4}
 {1,2,4}
 {3,4}
 {1,3,4}
 {2,3,4}
 {1,2,3,4}
(16 rows)

P4 K-MEANS CLUSTERING

 pid | x  | y  
-----+----+----
   1 |  1 |  1
   2 |  2 |  2
   3 |  1 |  2
   4 |  2 |  1
   5 |  9 |  9
   6 |  9 |  8
   7 |  8 |  9
   8 |  8 |  8
   9 |  1 | 11
  10 |  1 | 10
  11 |  2 | 11
  12 |  2 | 10
  13 | 12 |  1
  14 | 12 |  2
  15 | 13 |  1
  16 | 13 |  2
(16 rows)

 pid | x  | y  | cid 
-----+----+----+-----
   1 |  1 |  1 |   1
   2 |  2 |  2 |   1
   3 |  1 |  2 |   1
   4 |  2 |  1 |   1
   9 |  1 | 11 |   2
  10 |  1 | 10 |   2
  11 |  2 | 11 |   2
  12 |  2 | 10 |   2
  13 | 12 |  1 |   3
  14 | 12 |  2 |   3
  15 | 13 |  1 |   3
  16 | 13 |  2 |   3
   8 |  8 |  8 |   4
   6 |  9 |  8 |   4
   7 |  8 |  9 |   4
   5 |  9 |  9 |   4
(16 rows)

P5 HITS ALGORITHM

 s | t 
---+---
 1 | 1
 1 | 2
 1 | 3
 2 | 1
 2 | 3
 3 | 2
(6 rows)

 page |        hub        |       auth        
------+-------------------+-------------------
    1 | 0.788675134594813 | 0.627963030199554
    2 | 0.577350269189626 | 0.459700843380983
    3 | 0.211324865405187 | 0.627963030199554
(3 rows)

P6 MINIMUM SPANNING TREE

 s | t | w  
---+---+----
 0 | 1 |  2
 1 | 0 |  2
 0 | 4 | 10
 4 | 0 | 10
 1 | 3 |  3
 3 | 1 |  3
 1 | 4 |  7
 4 | 1 |  7
 2 | 3 |  4
 3 | 2 |  4
 3 | 4 |  5
 4 | 3 |  5
 4 | 2 |  6
 2 | 4 |  6
(14 rows)

 s | t 
---+---
 0 | 1
 1 | 0
 1 | 3
 3 | 1
 2 | 3
 3 | 2
 3 | 4
 4 | 3
(8 rows)

P7 CLRS IMPLEMENTATION OF IN-PLACE HEAPSORT

 index | value 
-------+-------
     1 |     3
     2 |     1
     3 |     2
     4 |     7
     5 |     6
     6 |     5
     7 |     4
(7 rows)

 index | value 
-------+-------
     1 |     1
     2 |     2
     3 |     3
     4 |     4
     5 |     5
     6 |     6
     7 |     7
(7 rows)

